{
    "columns": [
      "Country",
      "Q1 (US$ Million)",
      "Q2 (US$ Million)",
      "Q3 (US$ Million)",
      "Q4 (US$ Million)",
      "Total (US$ Million)"
    ],
    "rows": [
      ["Kuwait", 160.5, 154.8, 157.7, 170.9, 644.0],
      ["Qatar", 146.2, 149.0, 137.5, 156.9, 589.6],
      ["UAE", 130.3, 142.9, 146.9, 155.0, 575.0],
      ["Saudi Arabia", 123.1, 130.4, 134.3, 154.9, 542.6],
      ["United States", 95.2, 133.0, 132.4, 132.8, 493.4],
      ["South Korea", 105.0, 91.1, 99.6, 124.3, 420.0],
      ["United Kingdom", 75.4, 83.4, 102.6, 102.7, 364.0],
      ["Italy", 85.7, 69.2, 74.9, 86.6, 316.5],
      ["Maldives", 29.3, 30.8, 32.5, 36.2, 128.8],
      ["Australia", 26.5, 22.9, 26.2, 33.0, 108.6],
      ["Oman", 26.4, 25.8, 26.2, 29.0, 107.4],
      ["France", 14.6, 12.4, 17.9, 21.9, 66.8],
      ["Germany", 17.1, 19.5, 17.1, 21.4, 75.2],
      ["Israel", 20.4, 15.2, 14.3, 21.3, 71.2],
      ["Cyprus", 10.4, 11.0, 12.5, 15.5, 49.3],
      ["Malaysia", 5.1, 14.0, 14.9, 15.2, 49.2],
      ["Japan", 9.7, 9.4, 9.9, 14.8, 43.8],
      ["Singapore", 7.6, 8.9, 9.4, 10.8, 36.7],
      ["Bahrain", 8.2, 7.9, 8.0, 8.4, 32.5],
      ["Jordan", 7.5, 7.3, 7.5, 8.1, 30.5],
      ["Canada", 7.4, 6.8, 8.2, 7.7, 30.2],
      ["Thailand", 2.5, 8.6, 6.6, 6.9, 24.5],
      ["Hong Kong", 5.5, 4.7, 3.8, 4.3, 18.2],
      ["Seychelles", 2.7, 2.6, 3.8, 3.5, 12.6],
      ["Switzerland", 2.8, 3.0, 2.8, 3.3, 11.9],
      ["Russia", 0.2, 2.0, 2.8, 3.1, 8.2],
      ["New Zealand", 1.9, 1.9, 2.2, 2.5, 8.5],
      ["Lebanon", 1.7, 1.8, 2.3, 2.4, 8.3],
      ["Fiji", 0.9, 0.2, 1.4, 2.1, 4.6],
      ["Norway", 1.0, 0.9, 1.0, 1.8, 4.7],
      ["Other", 282.5, 237.8, 305.2, 267.1, 1092.6],
      ["Total", 1413.2, 1409.4, 1522.5, 1624.4, 5969.5]
    ]
  }
  